47415299
45285384
1572874
17039380
46759963
40337435
3735603
44499000
37486652
48595007
44761157
11567176
13566030
37257296
49872977
50724956
16220255
6881380
14942308
1343593
47153257
26181744
18808945
27164785
48496754
46432412
20545692
52166814
32997548
46432429
50823345
41189566
48464067
50856133
47153352
1507538
37617874
46727387
46432477
29163742
51216609
48627954
41189622
44138744
46235899
6029568
44794112
46268677
7569676
6881549
29884684
19923212
6390034
47153428
2359574
38764823
7504156
45547804
23003425
48693543
40763697
51085619
3998007
4489538
40862018
44171593
41648466
40075611
11174239
43516263
38502761
52167026
50725237
50168182
44368255
48497025
42238339
43516298
49185166
41189777
51249573
43516330
41779645
23265726
20545984
44138955
1606099
42533332
17138142
42074591
4162016
40698335
590308
37388778
52167146
46432754
36897268
40698359
33817092
45318661
43516432
8520215
48497178
43516457
27460142
6095407
39911986
37028418
33129047
33686105
7012960
29459046
37323369
7176809
19137130
51249774
39256689
41190009
52167299
45646476
9110167
51348120
2425513
30409396
38109876
5178038
27067060
49644213
37389002
2523851
44860109
43516635
47809255
754409
38470382
45253364
44172020
23560960
12714757
45482769
5473043
25395987
1999636
43516700
38765344
23167778
12649252
42205996
51413807
49644336
590643
26772279
48399164
43516734
1344322
42206024
48563019
47874892
45351768
590692
11502437
38863718
51020655
35029877
22119289
28738431
43418500
394117
49447813
51217288
13108109
41812878
16909200
42697617
48235415
42206106
43254694
12845994
1442735
48497591
4457401
295871
590787
974
39355349
38568927
49972195
42206181
50004967
40272881
47121400
28738555
32179195
48628741
44860429
8848402
45351961
40272922
295964
38568991
37389348
26313780
22971446
42239032
27886655
50562115
44106830
3736660
48792667
48464989
37946483
5211253
26674298
1082492
49874045
33883266
30803079
50889875
7046296
41813144
11666585
50005156
5571750
50562230
33326265
48563387
8815809
21169373
24446178
48399592
42468585
41944305
18875655
43287831
16385315
48596268
1115439
22316336
44270897
38765878
19432760
4326716
48694597
18122072
49022312
42239376
43255188
8291735
47089052
43648426
38864303
37094840
26183101
37488066
48661956
16713196
32605679
42239479
19039747
6751751
41518601
51283468
40797711
42239516
11568677
31786538
33031726
21399088
47842868
35718716
16877118
624194
49153609
42239562
42239565
27788878
15861331
48465491
8062568
23692909
427630
5342846
41813633
46335624
47056521
624269
50857615
9733776
36963987
34452
13797013
22972056
50661027
6194852
47777452
43124402
48498355
40437435
48563913
42862295
48498394
8292071
44926697
44107500
50071282
30836472
46728959
48793343
1083141
1083148
50726669
6784782
23922444
40830737
8783636
46532373
1312542
100127
45647649
50038565
51611436
624431
329524
37619510
30574396
2164542
48531263
50300747
41649996
2721613
42469200
18810711
4032347
14944092
5900126
5015392
47679342
5769076
42239861
48629621
42272631
43550586
1967998
45483914
44337037
48695181
47744911
39683986
42993566
48564127
49055648
5834667
17893293
624569
2721734
41551815
21333970
15435730
44795862
37554140
11634653
47646691
33818602
8390635
952306
41617402
44795906
10160132
6490116
5277711
5343250
40634387
30738450
42076184
13043738
2721819
44664862
37554212
51218471
624681
49645610
44795949
47712306
28936245
30345283
30345291
44795985
30345298
30345302
4524124
5212260
24971367
42993768
30902378
34867311
3770492
19433597
49416318
31328401
35719326
48531616
24938673
30836915
8292538
1640636
40437963
48597202
3901668
12552425
44140783
12519665
51251454
46336260
46270727
30771468
6686994
11372822
42928409
37390630
25397543
624940
46336302
48597301
41027894
35883319
30017863
38865237
3803481
42174816
20351333
4426103
2427262
12257668
297349
1116555
50825620
28182939
8980892
21924255
48138665
32803249
45615554
42928589
25332178
25627100
37095913
46991856
17435122
34277876
3443203
4983304
3705357
35326487
15862301
50760221
44108322
8620583
40798759
14420523
166446
46664241
45615673
51874362
32737852
13437502
47581764
1542732
49220181
24808024
45320819
14748281
48171642
33458812
33131132
4557438
27200136
41650825
47516296
47417994
46271123
952987
44501663
10881698
887461
36571825
41913015
37784250
48466629
37620426
46467790
38865620
50793172
52071138
45484775
3672815
756469
625398
1215221
34310904
38341373
3869438
52169469
45452032
13404930
40962833
40766229
47713050
30542632
18746154
49548074
10554156
48499502
38701873
42208055
43944762
18189118
46828352
5344065
21269315
42175302
19434318
11012953
14388057
44567394
48597859
4918119
50105198
43518832
51383158
1149818
45190011
1805181
33065882
32836511
48597919
47614883
32902053
26414007
40799163
30542797
39979982
28969942
35720163
51973094
39521256
25824234
44174317
43027438
3089
10128408
41192475
38538277
30444590
42109999
19991602
11504697
42306621
31296576
11537475
49187909
31427659
9997388
20221011
13241441
46894185
39685227
40242283
41847917
38079625
45223052
40766612
46894231
31132826
11472032
5967009
50629801
2657451
48172206
40766641
10063026
40766644
26807496
48336080
48532693
24612056
34114776
43551963
19664092
6229214
40766687
9440487
48631025
920818
593140
47320309
45452543
48499980
8719635
36539671
44993837
48205105
40799541
3411260
48532806
45190471
40308053
1740134
47254886
1772911
48663922
44273023
38866306
27889026
40799618
47779205
1805702
13438343
49122703
46796185
45092255
462243
47779239
19402151
51252647
42241457
26316210
31329716
42110391
13962689
40799693
42110425
46271961
16977372
18976231
51121642
44961272
49450489
4656639
40799744
40799745
37162504
28249611
1904144
32181776
39587373
45092410
26021436
47681087
42864194
42503753
43650637
42896975
28806759
30019178
42110570
4427370
45026925
17534579
9342583
2133624
48500345
47844996
7966343
29462157
4918930
47943316
39227035
4361884
50138780
48303774
49811103
42110638
1445553
44175030
48139973
44961486
40767189
18517734
32116454
40799978
18517738
18517740
18517741
18517743
18517744
18517748
18517749
18517751
18517757
18517759
18517760
42864385
36507394
18517762
18517764
18517765
45616898
40767239
44076811
18517772
18517775
18517778
29331219
48926482
51121938
2232087
18517784
18517789
31952670
18517793
40800035
18517796
16191273
233258
48762668
4853550
51351354
18517826
44076866
18517832
48566088
18517835
9277265
18517842
20844378
18517850
18517854
18517858
18517863
42045297
44076917
15077241
34803597
48435098
42241948
36769
39522217
48435120
1249204
44076985
43290558
50925507
44896201
22253525
45584344
39915492
39227379
21991413
48697340
13832189
48435206
51548168
29429770
5345304
39260190
19632164
27398188
14454845
48566339
1151057
29790293
14028886
13471833
47911005
42111071
32215143
39227499
42963086
2691230
45093024
39948456
35360943
16814260
40800441
34050235
31199426
20123843
40767686
37392584
44077256
50991306
7409868
48992472
48435424
34672866
47714541
11997422
40734972
44273917
46502153
43585802
6492430
7966993
13930770
1315091
50991401
40767786
46403901
41259341
51974479
25858392
168280
2265433
48959841
5345636
40767844
11014500
7049582
41259376
47747452
692605
43553152
4481
6033796
38867333
48501132
52171163
40767903
40767919
44437941
40767926
45322684
15733184
48370118
40767945
40767947
21631436
40767954
42340827
12587485
34542049
47321570
16847363
51843595
47616524
19698190
48599572
36508183
29528618
19534378
1479215
51024444
19927623
39227978
48140876
10261069
30937677
37589582
1053265
33165915
38867548
2888285
11866720
41259616
48337513
6525555
51548789
50991742
13701759
45224580
5345935
299670
41259671
299672
23040662
34968223
26677920
42111651
42930859
32150189
36836014
32772782
41292469
41259702
49943226
42111683
50762439
18092744
25662158
6918865
8065759
21041889
48108263
42111721
36868844
38638317
41980659
44929782
42111736
48173820
20452101
45486853
51909382
48501513
44962573
6591251
430870
33231653
40899365
41259824
26153779
38867765
201525
33493823
4559681
49124162
49124164
41259845
49124167
49124169
49124171
49124174
48501583
40932180
11703135
51057512
2003831
39916410
40768379
47387522
48436099
46404490
18387851
47518604
38376340
3969942
44307353
22614939
41259935
49222562
23925668
48567207
22516665
6919099
48534460
1217471
30544835
40539079
41259995
6853600
45061102
25596913
31757309
48534529
46404611
48567299
38867985
41260057
8918042
19305500
40801317
52171829
627769
42308690
23073876
37426276
48665701
41391212
22746226
28382324
9868412
41260157
41751680
36213895
2987150
43979922
48436383
41751720
27497649
47191238
41260231
13047004
46568670
37360863
595170
51516681
1283339
15111438
23500075
44832050
43619646
52172094
17077574
7574868
40965465
1643871
24188259
41751908
50795880
49845615
35460464
41817459
9147768
15766906
26875268
16881036
39687564
22910353
46634395
50435484
43488670
759204
44832164
46405032
16127404
48272820
48666039
19731900
36279740
38334
48567744
33560001
34575812
44340677
36804045
22615502
1873371
46274018
44340707
38375
42636795
6526471
31004175
169496
46929443
24319527
42112562
8033854
8459839
39228992
34608709
48207430
9836106
33789517
202327
40343127
48207454
28612191
21665376
30152291
5736
44832360
13014666
9672339
49550995
628377
48338588
36542110
44865191
48895661
40933052
31954628
16062155
25433809
41752274
6297301
41195232
5773026
40802030
47060724
49387253
23992056
4986640
48666385
1873695
27694881
39261985
37918504
2987820
1185584
27006771
956235
39982927
51812175
1480531
46929748
19765077
41752406
48207702
48502612
44111699
2168672
41752422
36149109
33363829
43554684
50009984
23435137
35264387
43554696
11376530
34707348
44832665
50960283
46864285
44341153
47781793
48568229
7346089
43849647
30807984
1447865
38770619
14522300
43816893
45619158
43816921
6723546
44341210
37263324
20813785
46897118
43816931
34740197
13015018
48535530
24483822
38377456
44242932
34150391
41752572
48207877
43489289
45488141
45422609
50337822
530476
34641971
26974262
33495103
10393664
44472386
43030598
71757
42276956
34707556
22976626
37853306
24483963
43554950
42342536
44734608
44112018
43554964
36149402
42506395
48634023
49617071
71865
47913153
22354117
44341446
45357256
2332880
10524881
43555035
37361886
44832995
23107812
15964389
1448170
48634090
40540399
44112112
31725809
44341492
12687622
40802573
38017293
47782161
10787091
40802585
48666909
42211615
30677280
48503086
26712372
47913269
13637942
5380415
42670400
5675329
42113345
40835392
43620674
48666952
45357390
35723610
7903579
43555166
47356257
48437602
46471525
40802662
33724777
14489973
2890103
40802683
40802690
39000453
41523590
32151943
49879437
42113428
8493462
30153121
727467
37034414
43555246
42867124
38148536
47389113
44341690
301515
760277
11213271
30808539
5446108
43555294
50534879
170464
25434595
43555300
43555305
41392617
42867184
43555314
48699890
43489786
49846780
760328
33987082
25958925
4299277
6035984
43555347
50371093
48601624
33495581
33397278
50305566
43555365
26155561
50764332
48208436
1546805
48601655
39481
31595066
19798593
43555405
31267419
28744285
45128285
48208479
48208485
301671
33036905
760430
14457458
17472116
49486453
43555446
44767863
10885753
760444
48634498
32676489
10066571
37395087
38967952
22059667
44112540
36674207
48601759
989870
10656434
40999607
48274108
44341949
38050497
43555524
34446021
38443718
42113746
4037331
24320723
46963420
3021536
5020386
4528873
49289974
1350398
43555586
760578
44309256
42507017
44112655
33790741
50076440
31431454
21830439
48634670
6953778
44342070
43555651
18717507
42146634
36477771
1514317
48405345
48601959
32775017
12688261
48602001
26352532
7248788
760730
44342172
7871391
41589664
26778530
48536482
42212260
50076582
50764712
43555761
22289331
35724220
12983238
44342225
25861075
45095893
72671
38411234
170982
48897009
43555830
48831481
2235401
28908554
34446347
44407817
48667657
43555857
40442898
7019543
4561949
3447840
46439458
43555877
4135978
498730
1645612
26549298
8264762
31267901
6528064
39918669
46472280
41557081
13245530
43555931
40836187
48536664
8625257
7838831
105587
42540170
47389839
11803792
26156185
42212513
49716388
40705193
48503980
43556012
37035181
43523247
43556015
42900664
957625
43556026
49192124
23108801
14982338
19406023
43556046
42147029
48438485
46308574
35003617
29203690
12917996
37887218
40770815
42114319
40967444
17800472
40836385
43556149
48635190
32841017
42278202
597313
43556167
22682954
21765455
105811
43556184
597340
50535773
40803679
105825
46701931
1514861
22977903
43064696
12852616
8822155
36052379
41885085
2432415
43556266
39361963
48405939
48569781
49847736
42212794
43064762
42835388
48569800
14196172
42966477
44080592
34184658
50765269
10165721
23797209
7380442
21077468
1908198
46243303
368106
42212853
41524731
43556351
16850432
13311493
38444556
42212877
40803856
43556380
48602662
50994732
48602668
12230189
1678930
958042
38968926
52174447
50568831
33136258
43622026
45522580
9936538
25599642
43556508
29007540
37199545
44867258
47455931
42540749
19930829
3448533
24682199
48963290
5480156
45457120
44080879
18587381
34938618
6856443
26287868
43556613
48963338
19668761
47062809
52109081
32382755
13180716
8101680
8593202
696144
42213206
47259480
27139931
10788704
43556705
35888999
16883560
8134509
21962612
22224766
597894
33562515
5840789
46440355
28975022
33202097
13803452
42147784
44081098
43556814
30941140
2498524
11509725
36806620
47587292
3121126
7217129
51322860
20586483
20455422
49848321
42147856
24879124
48537628
9478182
17342520
43556921
50012217
9478205
36642884
48537669
50864203
13017167
1613907
38871134
23994464
19964011
49389676
30875757
44081269
48963705
44114049
19865759
40280231
49455272
45031605
2400438
41787575
36872376
50012346
43557060
48865476
532678
48439505
40804570
43557083
48767195
44900581
47259879
37003499
50077934
50700548
8200456
45621513
7610638
43426066
34578712
50700569
43098399
40804647
2924842
44835114
48865579
51487018
50012464
41886016
50045261
631119
51847512
43852122
46244188
37167456
48669031
12296556
50995575
43557243
50405756
598401
46244236
43557268
24519066
43557275
14459292
36544930
50438565
4235691
50864557
45294001
27042227
45654453
4825529
40673733
10133976
1647075
11543019
43557358
44245492
43557365
42508793
3154435
9806339
38543875
40673799
33530382
49127950
50274833
42148370
1253911
1647139
43950633
48472620
8102444
44311097
47686207
14066247
43557448
6038092
1385042
42508883
45621849
5481051
43524704
6595169
44114532
44311143
52142738
35267220
23110294
23372441
48505498
48603806
6202017
46408365
50242227
31761089
40805060
37495498
28091087
44278485
1254108
51061477
28451560
39035634
1942264
45327113
24650506
21046029
31499028
25862935
41886487
44737305
43557659
22946591
2401074
37364533
47326005
43557690
3482432
35267394
48603973
2466637
4236111
42509135
34382671
43557715
43557717
41952093
45261666
34284395
44376943
34677616
50733936
22881143
43557752
48833400
17539964
43557764
1614728
49095574
5350305
22815649
7316408
43557816
2761658
4662204
42607550
38347715
43557835
33301451
48374734
8135631
51389390
41460692
44213206
2597853
38970333
10265568
43557856
43557858
17212387
43557859
43557861
43557862
47719401
43557872
43557873
44966903
21963773
46244864
42542081
566275
37921796
49783812
48636938
1352721
43557908
38183960
43557921
36742181
49030192
48636978
43557941
43557943
43557946
25568315
4957265
48473173
46605406
16688226
48669795
44934246
40838250
43557997
4695151
46244975
43590767
43558002
48505970
16360566
43558012
43558014
11117707
50373772
39134368
49161378
38642855
42345640
43558058
45032624
48407728
47719609
43558081
48669889
32744656
23930072
5317859
3548388
2499817
140526
46245103
48309495
43558139
48899331
46703876
12428555
9774348
21112091
19244324
6235429
45294890
35038522
36742463
4465984
5809473
43558209
43558212
46409033
48211279
42411345
50668886
1811799
47850839
8299869
15443304
45229418
46474603
4597100
48440686
34743663
43558272
41297280
36906370
41198979
29730180
7808389
44836230
45000085
50865560
50079133
43558302
34678179
22783396
45295025
17769908
26977718
15967678
42804678
27305427
50079187
8824279
9695
15869409
44148201
33334765
42968557
40904175
47261173
42575357
337411
44115463
49292809
37234186
17311242
48768552
47556137
14100012
46999086
42411568
43558460
42870335
30418497
45295186
5842515
40478304
49718882
48768611
29828710
4040297
19736171
37987951
48440943
45262453
3548792
50046584
30516868
38512266
7087757
37627534
43558544
33597073
41821847
763545
632478
36480682
41100981
173758
44279487
45229778
34023123
43558622
45295334
46180080
8922868
45295355
3024639
38872832
5613318
36087564
7841552
43722526
47294250
43558702
40904502
47785785
8628029
48572227
48834376
4499273
43558729
44214093
3712847
45066066
8234836
43558741
38053724
48998239
43493216
31631211
45295473
14395252
41199482
44115838
40970117
3057548
34776974
28518300
30255020
206773
47425461
18294711
48539583
5580736
40806359
34580441
8103901
48572381
38053861
1910758
11806704
44115965
14067713
48900102
26847244
34646035
43558939
40249394
51062841
6957120
41101377
29272132
48539716
8267846
50014282
43558995
600171
28584043
8595567
49817711
1419407
50342032
11184280
7547036
43559071
47753386
39889069
43526322
38021307
42215612
42346687
48441542
17311946
32123082
43559151
11708657
2173176
44771577
15739133
41101567
4303104
21670152
43559184
40773905
28879122
48507161
42805530
38873374
40708385
42903846
22948148
48081219
42215769
40806753
6629733
239997
3320198
14526855
3844489
10103181
13642131
30386583
2861464
49260965
436654
8300986
49031610
30157254
34482644
42412504
8169945
469470
35760624
46705144
46901761
50637325
2632207
18983443
45525526
52013609
34974253
12266051
14625352
23636553
24980042
34122329
21015133
23800422
50899559
5909100
3779186
43461240
49982078
48736899
43559557
11741829
21408395
37431954
600739
42216108
40839855
8596148
49982134
12921528
42248894
37563086
48769755
34613988
31894251
76524
8137454
18328314
1551099
797437
41462528
1583875
8596227
45361950
13544223
43559733
47983418
46607168
46508864
1452870
6073160
48606024
46246732
33860429
8072034
22162274
502632
1747821
34909040
18623359
371584
43232138
34515855
40872850
43232149
2665374
37890988
38775724
31861687
37006272
25832389
1256394
31796170
29404109
25209811
14232531
45362139
48507869
48540637
207840
12856289
207843
2632691
11086838
7187448
4860931
34352133
24292360
142345
50441252
3714088
48540719
43559986
22752306
38841403
47819837
19967056
45034581
43134039
40512601
48573534
13806718
39529601
27241608
13315229
19573918
45558943
37399719
15150250
21310638
994479
38677680
40807599
21769400
17771709
50113725
18623686
35531974
48639176
41888970
43232459
7613644
50506958
3976409
12168424
699627
27962618
6597899
44838163
45591829
48213269
7515426
17476901
27241769
49294638
5057839
46312752
47689010
8301877
47721784
26586432
16592193
4500802
6925638
42249546
10071372
14495065
41594202
1813853
16297311
35597664
42413409
2436457
18787691
27340151
21278077
35990911
44838274
34942338
2272644
20852104
48377242
4992414
44903844
994731
830891
13479341
45559219
48606643
37105080
50539964
42413503
11382211
22752724
43167189
29470187
50081260
48508397
48573942
41692669
44248579
27274760
38678028
37105167
32878135
6925880
33041979
2960964
48442950
48475718
40676956
38776412
20098654
28880481
39005794
9088611
46444137
34942573
50703984
26652278
40513150
9973375
46411397
50507397
48606881
1420991
31338177
20917960
44084936
47918795
43724499
6926059
35598060
32616178
45002483
49295094
40808205
48705315
700205
43560753
10301242
50507581
49917764
2010979
22720358
37826410
44314476
44314478
470897
44314491
38416253
8007557
37498758
31829902
46477203
51097495
7417754
8105883
43626398
37597105
25046983
42807274
42020842
40185838
45428732
45428745
48115731
38613020
40972326
3387431
41791527
5550126
667714
29274179
19935308
48050254
48050258
9646169
44314723
44544105
29175914
34517100
38023277
46739564
18559089
44314738
7057536
50212993
13119621
44183693
42217619
44314774
46739606
47755418
46313640
48672941
4960433
43036852
24064182
8204476
1028291
26390726
897230
602330
33239264
39104741
47722746
667904
6795526
50671885
41791762
50966804
21410069
25932057
37761311
12590
34484529
49197366
11612478
5189951
50803010
51228995
6861133
45397
44314974
20722014
35402095
40186228
46739838
49262980
33436039
10793357
44315025
5190038
36417952
45473
22884770
48673198
4370870
50803130
38515133
28094923
40219085
4764115
1716693
41497057
46576113
50311666
3355124
19313149
50672140
24457741
44970510
50639388
10891805
12464672
48542241
44315171
9613870
48706103
50147897
29405754
1094203
275002
44446270
48607806
38974015
49132107
33239630
50147933
4436581
19149416
46838386
48247416
19739261
20787838
15348350
45429388
9712273
42709653
42742431
36516519
47559342
6664891
49001148
40186558
1061569
37696196
13087443
40678099
42578643
897747
42054366
49918692
48509670
36811516
8663808
38744833
1487618
50115339
209681
39596819
41628443
29504299
44315440
21902147
48608070
49034058
47690571
1454926
45658981
11055985
2798459
39924603
44315519
34976641
31110030
48444306
48706450
10597273
40383393
48542628
44807078
4764589
43561902
3388344
766907
1749949
50181053
46740415
36811727
36516822
5190615
1749985
4142050
2667499
51065845
42284024
34616330
24065039
44086288
14791714
12203075
23180367
42218581
30782576
44807292
51426434
29144200
33240200
51164299
42349710
636048
51360918
7943320
24884377
3978399
5682341
23737513
42415279
49460410
47723710
48641214
23213253
48542927
41727187
13710550
6763735
22983907
48706788
439525
42808557
41334001
44184824
20952313
636167
44807434
8828174
48641304
51262767
40482101
27866428
27997500
39859528
39007567
17610070
18167130
13684
44807542
37270909
41268608
177537
43300232
48444809
48477581
177552
16889236
44840342
48412054
1914268
12924319
22525350
48444839
52114856
26490287
38974906
8041915
39957951
701891
3454408
7550414
20723169
11482608
50050564
44807694
9221649
42219025
43824658
36812313
22623771
41989661
9352739
5813795
6207024
26818098
28128822
5813818
21149256
21608014
44774993
33502802
48871010
21247587
28718704
51426942
33699455
37336711
17938055
25933455
4994705
41334418
43562650
20788890
45627036
41498269
11613880
7124669
44512958
6207171
20788943
21280467
44906201
48871130
48543460
1619690
48412394
5158636
10008302
10893043
46249720
4503296
48477965
1685262
47691535
34846481
28718882
40351523
32552745
27375403
50870060
10893101
26982194
46970675
32487237
50149201
24033107
37271387
48609115
42743646
29734761
48641898
28718961
2733942
3913593
51132283
48674685
44840839
472972
42186650
51492765
34748320
49493940
2439093
44873653
3618747
49657789
48543678
3028930
26228676
22034380
44054481
36452308
47757269
51165142
45692901
32487406
48314354
51427319
4405243
16988163
41400343
38877212
8140829
50640943
36026416
42350645
47921211
48543805
50772050
48642135
28948569
26818653
33798238
26556512
49330274
48674918
48674922
44841077
48478332
48773244
26916989
26491015
48740489
145577
20592820
80072
14039244
50936014
11581652
4045016
48511199
41367787
4045043
24557812
41793780
20789493
32422141
38549758
9091341
40843534
48675093
45037859
43235622
36976943
44218672
42449202
50968884
23542070
440635
40712513
21444934
4602200
48609625
8173924
13973871
50870640
2898290
20265342
7682439
50674064
145810
42776985
48675250
50018757
14825926
35731918
2963921
42744276
9615828
20167130
46512614
16759278
22985207
31603192
41990649
1882623
48773641
27179535
50117135
18364946
145939
38713907
50215479
21084732
36354629
3193415
3160663
33471080
178792
21510773
24918650
20331131
41040507
37403265
47528577
34781830
42121865
604816
29178517
8174234
12008094
31242914
40647332
146089
11254442
44284590
52181678
42842830
2767570
50772690
44317396
11647700
52116191
50641635
670436
13646566
3947242
1620716
45333231
42810097
47725297
44382964
43793157
36551433
42220303
46414609
49756946
6339354
44907311
46316339
42744628
26983245
49298261
27081558
31439703
43531096
33766241
45661026
27147108
28654438
5159782
25836403
42744692
46971771
1784700
42744700
2341759
2341763
39533448
35208073
48511881
41499532
2309009
33209238
44219287
37436314
52116378
48511907
52116400
27507636
45104054
6339515
40713147
1358785
48675780
7715782
47922118
35732437
39959517
45267947
44907501
30850033
34913279
42253311
46873601
48577539
3750927
28097552
24951833
14236703
3521577
42744873
50609194
506933
42744885
2702391
50543671
14400569
12401723
51199037
41172031
47529033
28130387
14400600
50445422
2440315
42744956
3783811
39206022
45497485
42744977
2440341
35404951
43269290
42417327
5094580
39402690
50019525
50150606
41762002
1162451
41729245
40647906
48348391
52149480
703722
41565420
46316790
51756289
47234317
46710043
42482977
47922465
44743981
47136046
45661500
41729343
40189248
46251336
2178390
48610647
51002737
45497714
81274
605565
46972289
38452619
18398606
9059732
51002773
15768
10435998
41893279
51068323
24067493
42220966
48151975
43466157
310706
34586035
45497786
45661630
43564485
5979589
37699016
45628888
51363292
18300387
46317030
37764590
48512513
48610825
3325459
11451926
1228319
48250404
13483558
45661745
31735347
48021043
42483269
12205658
7388768
44613219
51002986
48447085
45497978
47103616
48545414
42876551
46186118
32521866
50019987
9125531
34553507
27901610
11288237
42909373
45661886
10993351
9453264
2211545
8601307
27606754
16006883
409316
45661928
48545520
22003443
2211590
3194631
28196618
40648462
704276
5979925
51232539
45661991
44384039
48480039
34553661
49594175
42581828
30752582
1392458
24952651
46513994
48217935
7880534
50478942
34750309
28032880
12533618
45662079
40746880
49725323
48512908
24493969
15417234
48512913
22986652
12926879
4046756
50413477
39731120
46448564
45498298
1392580
21413828
30228432
48480211
4046823
48676852
50577396
36323320
49856505
42483711
2768916
7553047
32849947
47464476
45498397
47857692
50774050
48480291
10895396
6111271
19578922
4046895
37994543
42483764
2179138
33374276
48775241
4210762
37240911
2211921
51003476
48480342
344158
33996896
14631011
16489
38322284
15843438
47530099
35012726
43565184
45662343
50610312
44843146
6439059
37339287
7684249
1884319
51003552
44155042
44155050
50118829
35930288
42746040
39731386
43401404
671936
17842381
20725967
40157397
51003606
508123
48873691
51003611
44712163
38617315
49725679
37077239
44843265
1982732
39174417
51003680
36487460
1032490
25968943
5980475
3031356
32784701
49856829
34324803
29245764
26001732
409928
5259592
5292366
48611664
51364203
1687923
48480628
8438146
2441604
45400453
40518032
34455963
17777064
32981420
48578990
4538803
16820
48677302
639426
10371529
770515
7750102
45466079
13386207
44843492
51036656
44286460
31441421
10043922
27935253
11125279
48677408
49234483
37241399
14565951
25379414
49988191
36684385
18465380
45138550
39436925
44810878
1393285
48677518
40813200
17079
47956663
49726136
21152440
43434685
4932291
1262279
48513740
48677583
16728791
28820191
29508319
24855272
246513
42746621
15090430
1426181
48251659
42287894
8569622
4014874
934687
246562
8962853
40911659
51168044
40911664
40190769
26854193
1950538
24757070
46809935
9847632
12075854
2704214
770910
43697005
46252913
26854262
30557049
46416771
40911748
21349280
35603364
9487269
9028518
213936
11453361
39044020
49660853
35111860
38650807
39404476
42288066
38192081
45663189
39732185
20300768
7619554
25412584
33768425
1688555
45663222
47596536
49628156
40715281
39994400
13550637
2507834
41567293
1229889
43402316
39502937
41075803
45007963
48284766
48481375
15058019
1164399
44450929
8438898
39797874
13419636
42288249
4015233
45663366
1721497
7849114
967844
39732393
50349228
2770094
37864622
50709689
21120191
5358788
46187716
1098952
19809484
476366
49169620
3818724
38094055
49169639
42222825
279785
35210475
2671855
51758341
48481555
20989214
49071412
39077177
4474172
35669317
148809
49169738
47826255
42386775
27805027
40912239
45663604
48579972
31999372
4998541
7554454
42288544
46712232
48514474
35276209
4539834
34981306
37995964
771514
2377150
38061502
11027909
5064134
15254983
11748811
45467085
37209552
6243794
35276245
42288601
52151771
22496753
45598197
38389249
29804043
32458254
42288661
48547353
13551131
25904670
4081186
23184930
34817573
3491366
21906981
13616689
18531906
9422402
42124868
42616392
48711244
27510354
30328413
45663848
50021994
35276396
42124918
10241655
45663880
37602953
45467277
26461844
18070
12633766
24659626
43337392
42452658
45500083
42124991
42190541
1820377
45663967
48645859
4343531
30328559
30557939
34883316
31835897
46712569
45467391
27936512
41830146
48711428
5424905
3294992
36947731
3917598
2541358
43566905
4933434
48514875
37373764
47761221
52152136
43566921
30328650
9881425
11552597
49334109
40879967
48645985
45696868
8144742
45467509
35276668
48580494
5490579
29837208
45238170
46516128
4507561
29312941
47859629
48547760
17647550
43468745
48449484
37930959
2443217
31442905
21252086
48580601
45303815
38881294
44517406
46221342
40814624
43567144
41633836
48580663
44648518
32786511
9750615
31115353
3754075
45303899
18565224
42551400
2279544
1591416
9291914
43075724
45402255
42125461
43534492
42027166
51955871
16861357
641200
39209141
36817078
48482491
16697533
43567293
42289344
16271553
49203398
14600408
4901082
47368410
37832935
44157166
2574579
182516
48843001
35571972
9619721
34064651
51366173
18663710
2607390
48580898
42256676
12044590
772403
36915510
42027325
13388111
42125658
43010400
33409378
49826163
24496511
43075972
42027397
149896
48908681
44714408
22661553
39700916
3033526
9554362
11782588
43567556
48548292
42027462
42486214
31738315
5589464
43567592
37341677
46942708
47237629
44419590
47368711
43567626
51725
3033629
49990198
43076151
35277369
47270458
1002045
18434623
47237702
24332887
48253536
43567724
7391852
18074224
11258490
18893435
50645635
40946310
46418570
4475538
22792852
27118229
35277461
20105879
50776732
3426981
42257066
1198764
25774767
11061937
43829938
42027706
22497979
46418619
33737411
543432
45599435
42027729
43764434
29215444
33835733
1559254
49400536
5065438
26069731
52185827
42552060
26823431
1559305
37505810
41372447
8309538
41634598
50973487
42289968
41241417
14142286
47565654
41241434
2313053
14666597
35146598
45108074
48188271
52251510
7719802
1297277
45501317
35244938
26102681
44321689
45468572
37669791
21941162
20794293
46189503
13913024
16010183
44518344
3656651
48548819
33377243
48090076
49990623
37112805
41077741
936952
48057344
4312070
183307
48516112
44092433
48450581
14568470
21548062
10701855
22072352
18271264
51235871
27151400
26856495
3853360
42814524
7097405
707659
46779469
21941326
42749007
42290270
49859683
49990765
48221297
7097464
35114105
40717439
33508480
50515073
43535504
3198097
10210455
1658014
19617
5000353
48254115
30461101
50777269
46222532
47729862
347337
50777289
48614607
50973904
216296
24759537
7261437
15289611
8801551
35736852
8604960
5164322
7097637
48450855
35638575
10833200
42028339
41569597
43470143
17124680
18664777
48614732
47435089
38849883
48909659
45010283
43011437
38358381
36359542
19831
2248056
22007165
48024966
48909703
41864588
50711960
32853401
33246618
48844190
10014120
50974121
43175342
4672948
15945141
6409655
48483768
18730426
347579
27479500
25972181
37178838
37539288
708064
30035428
30920185
48451077
39603723
47009299
1166876
3329579
48549427
47992380
50056764
27577926
48909909
2575958
39734872
49466975
48647779
50220651
48451180
34852473
40783485
49794685
13586056
4607628
773779
708247
22990499
45010596
773798
19058349
9916078
44617393
1429171
40718005
43568823
48680632
26332857
44617406
32362175
45010628
44453580
51597008
36359893
478934
45010645
49925863
20208
46354160
50351858
13291261
44191494
49827590
36294417
45010714
5033761
39571234
48680750
38948656
2838322
37179187
46255928
30887737
50483008
40783683
19812169
4542284
31543120
47959899
27152228
7950181
51957606
40783721
43110254
51957619
10899337
9555849
45010833
28331924
40816534
47861654
48484247
43995033
44846999
46321573
29347754
48517034
42225580
20408
49172416
21024709
40783813
12439500
19484627
23187417
44290009
41504731
48975836
48549871
8507389
34230274
35278855
4476945
45699090
43962387
1560596
37113879
42258456
48549913
20041758
43831341
40783919
25940015
38588469
10145851
46321723
40816708
42192967
21614663
31936589
48484438
39243863
24596578
16175213
5656687
47599740
23023742
32264342
46452887
9031833
42881181
1626279
38752426
774315
4837552
4608177
3100856
6181049
3821777
7098580
49500377
50090218
13193455
2740468
45273341
47862016
31641859
35967256
39211290
2347297
48288044
49205555
36720952
37441848
10867010
12734790
49959269
15094124
5329271
51040643
3101059
46223749
50647427
250256
34165143
872857
8376731
6705564
17060258
47042983
39997866
46322092
32461234
37835199
50811333
46780874
1921484
5788114
40817116
48550366
15290850
50811366
40784360
48583148
8147440
46748144
47567351
9392635
48648706
47567376
1462807
40784412
29282876
40587850
11063889
37900887
45666910
1757801
18371194
47862397
45666951
14930575
20140688
48583314
86685
9622178
1954466
30462630
9163444
7033526
14439096
30003904
40817349
709323
5362380
43078354
9163475
152277
611036
5657308
48681696
24236771
47010533
45699814
25481961
34493165
37409519
11752212
15291162
4510493
25383712
5198632
47698732
9392946
38294336
40784705
42685261
46682963
45437779
3232602
22729563
47371108
42160996
47862628
48517995
24531825
414580
27382646
4608888
37344121
512889
48583545
6738820
42324870
6738829
46715790
51958672
43766673
873363
50615201
48976810
2347951
9130933
48714684
47010755
48550852
27415495
18371535
42128335
349142
34460640
50648066
35771412
50811943
50091048
46617648
1758259
48550977
31511624
36918348
28857422
44749903
47535184
44389465
48157786
29217907
50943113
24401034
45438094
447631
36230294
13784225
30856354
2938020
35116198
22271142
3134632
47076523
48551089
36328633
22140091
9426116
48616646
11195609
39769309
40162536
8901865
48649450
873709
6280429
251117
50648307
54517
45339895
35771646
1529094
37442838
20239643
48518432
51631396
45438246
48878903
22992187
415035
906563
11916611
47863111
8639823
3560784
41342291
41604458
22730091
47043958
34198911
48027009
49403266
50189698
51107204
35935622
316815
11851161
31511965
35673510
24073639
677297
44848572
35706302
1430989
677339
12637665
48616934
24303079
7001576
37410279
33347048
44979697
23287286
32593398
1267194
32265725
22992382
43243008
51369473
48322052
42030610
10638871
47273526
45667899
46454333
46290495
37410375
47863371
153174
42456679
48617066
43964027
41571964
677507
42784395
4478605
12637839
18208404
48551603
40785591
11851450
16864959
3135183
48420560
513755
31512293
32986854
33937133
34756336
47929075
10082045
20993790
28497663
48518922
48617243
1300275
44685119
939842
51140433
4544338
34690902
47667037
18306917
42194793
42948460
48551790
50091887
14604156
55188
50222999
31512476
4183968
42325925
48420786
513975
3299257
47634366
743373
45537232
47077329
44259284
21321690
48584668
50616307
3037173
33970165
43767806
38459394
2709509
44619797
44783645
39639076
42358830
3004464
11851829
46979130
42719296
16635971
48650324
41998427
11360351
11262047
50190431
3594339
42489955
9492585
42555497
26990714
38656122
11589772
48552078
41998479
13850775
24991906
13916331
26859694
23025846
38459575
2185422
45275344
29776084
19486933
44357846
31512789
252131
42227947
3004663
50518268
38656255
7559424
33839364
36821262
27285777
39868693
38361382
38295848
612650
5495083
50682164
45603129
31512893
10410301
43145543
49502537
48683343
38295906
48847209
43866481
350578
43243889
48552312
48454018
40163739
6511012
46291373
50649537
842178
26991043
9492954
28006877
5036512
40196589
46193146
48683514
26860028
23419393
12737026
2218498
14572042
252442
16472604
18307618
42261031
3136041
46946860
38066732
24140342
48519742
30857796
11885125
23026267
10771038
51337823
51337828
43768421
51337830
51337834
51337837
33741435
48454273
17848969
1497737
42031755
45603469
48388763
45701790
4020896
51337910
51337914
51337918
38001348
48913099
7854798
49109710
51337941
4610775
48978653
19716830
30857951
51337949
44260095
51927808
2415364
47930117
40884996
8215305
39869193
31120153
47012643
24435499
42949423
4610865
1727283
34167604
26958649
23812928
51338048
25451331
50289478
1039176
318282
51338065
22141779
40065885
34462566
22174572
12966765
43146092
48126834
44227447
48552829
26303366
19389322
34888588
1039248
28302226
51338132
48913301
20798370
19848104
16604090
45112252
51338186
43080651
48913357
46980046
56288
51174371
318453
42294261
37673979
47471612
38296576
48913415
32267294
44260394
47504426
48520239
8707137
45538372
40557642
45112397
11590734
37411930
48487534
51403892
42261629
47799423
44096654
1268891
6577312
31186087
52190382
42851505
37412020
44260535
46324921
11066555
42327228
43965630
42261699
45538504
31284425
23813324
9788631
711902
11033826
777452
47734005
39247094
43080957
44260618
44817674
33217813
48520489
30858540
12311853
47471922
44916025
8740163
23387462
7101768
43343179
48258384
49143122
24206680
51600728
42327390
50421091
6643045
37674341
21192043
43605359
34069881
24436100
44260747
24632716
11853200
51043729
40066460
36986271
16604581
43441577
45637048
6249913
49143227
6643135
44260806
44260814
48258512
41901523
42294740
4578773
40066520
4546010
48651740
31546855
22207979
44752364
43343350
3661326
41836049
42163733
44260887
27155993
49864220
1269293
41934384
13983292
39345729
50617925
37412423
35872328
46718538
45047371
50683475
4316761
33447516
253536
49012321
47406694
5135980
33971823
46915185
51273329
43966067
26926721
34430596
45407881
42327695
48553615
51109525
12803734
41934486
19816091
37215913
21290669
20045486
253620
9625299
32988898
8642275
40361717
14573316
48619271
21159698
48619286
19750688
3628838
48652072
38330160
51994436
48258885
35577681
48684883
5103444
4448087
2285399
5660535
18866044
25517951
41869187
42229638
46292887
4317084
35413922
43507619
29319083
450477
44556205
49176510
8150975
16736191
38264775
24240072
18177997
39411662
37740507
12738523
41181149
19685348
29581293
41934830
27713518
12017654
25288706
9789442
42065925
50225164
41181198
20373522
47538197
46587929
45441050
43573275
49864735
42328097
35184680
48488491
34463790
8282159
44556344
34988091
41934910
22437956
36560982
17326167
42066013
44490845
50258013
7954532
22274155
49504363
48849008
38232184
45342848
44556426
6086795
10510486
4186272
3727523
4612266
10412202
48619690
5300398
44916914
44392636
16670913
1532097
41181378
52191427
48849095
1499336
51470540
2318544
8544481
48849124
45670646
44884239
5398809
40067355
18735389
31219999
18342175
5202211
45703463
48849196
8446259
50389312
34988358
6775117
1532239
942416
47866192
21160274
29385044
29286742
26370397
3662178
90472
15556969
41509230
44523891
33939840
47079813
44097932
34496910
40198551
43442585
33055133
50815389
3072454
254407
41345485
11952595
1171924
975319
48521693
49668573
40067551
50717157
9724400
27222519
17883647
22602239
48652814
50815503
16278033
42361364
8086037
50094612
41607707
4743714
32399910
40788520
42328624
50717240
41935417
29188676
1434186
48489037
5202510
451153
614994
1434194
42328667
35283555
35644003
40788589
48652909
18866802
38429307
2384508
46948993
2744963
42689159
48456331
46686863
516759
877216
48521889
9560742
48587445
45507255
37872319
47571662
47407832
19030747
43475677
320235
50914061
2777873
45376274
43541270
40854296
23585562
48522010
8151836
12903199
50717477
9200424
13230893
42754865
42885961
41902921
22078290
8348499
36987744
18506594
43148132
32662374
30630761
45671283
18506618
47473531
12837777
44524434
8283032
41411483
24011676
41935777
45114274
37807015
49996721
18506699
22832076
22864843
34661348
42165239
41935863
9069561
48587797
41837595
48489500
44000287
44426278
1401896
44950592
11691081
50750541
37872731
3892317
2876511
52192369
35644534
2548860
47801479
26862754
5727404
8610998
49210554
15721662
21718216
14247118
26961103
46916832
35022053
29189358
2385136
29648114
2155764
42329340
26141949
48129280
46720258
46425352
41182487
15656216
40723737
50717983
681252
52159786
45212973
41182522
1467707
2221377
1566023
19195223
33285469
31483232
2876779
28730735
48489844
1664375
2024825
41182593
48555398
45573515
7366030
746906
48260515
26666418
16311730
48522684
48555454
17360328
21652944
714192
30696913
42329554
50718168
41412057
39118302
48686561
39806442
48752111
38135282
24077822
34661886
2090503
48457228
6481425
42690078
30729762
48784947
20014645
26043962
21521984
31155779
9397829
35644998
4777546
8152652
33908310
24864343
38266459
35513965
8971887
34891384
42034815
42002061
51209877
27125406
32401056
50325162
48916142
44558006
4777655
714440
91850
9103063
26666721
48555752
47703787
48621292
7300867
38233859
222990
50784035
45016869
24405803
38135607
31516474
48654146
51373890
48326488
48654173
43837279
9168736
44459872
38627191
9365369
48392064
31975298
38725524
48621461
47802264
50849696
3958696
26542
51505071
21587902
10315716
41412553
46983119
50718674
48457683
157653
32008149
43640801
7137250
51865578
44328965
51996688
7923735
51079191
4384796
28010526
49539105
50718765
30795842
46196811
38725715
51505263
2025585
39970932
48425078
44591227
8153214
42133630
35645568
44820615
38955147
3532943
157854
48588974
50849966
39282866
28862646
747715
11364552
48589000
40200398
682195
20801748
2910421
51407090
7203059
30337278
2877705
43378964
21883160
1075492
3860783
41609535
420161
42953032
51145035
48326992
7334229
51046741
50850135
27847002
45050203
31713640
42068331
48916861
27388305
14215574
39315862
47016342
47606169
44853654
22800795
37251488
35056044
35645876
26372546
48687560
41609700
584186
48425490
48785963
48622130
37349939
48425529
42560060
48917058
39873101
48917069
26176083
31681114
32959075
51145323
45214324
2976395
49441443
43575973
51866294
31648439
7203512
50883257
38824634
38496955
48491197
33712831
14183106
20671177
7138002
9104083
23882463
25717472
3009256
46852842
34892522
46918384
781050
40528639
41052931
39480076
41020184
20278044
45640484
6941492
22670133
322359
40168247
50850616
34532158
44919635
41741171
46656377
24603521
11201415
3632009
7793545
47770535
6941608
17558447
39316401
27192241
48524211
39218105
1698749
38136779
31517648
1960919
2976742
12348390
39971814
1797108
33188864
683010
40856578
486412
5827598
42822691
48589863
453672
8252459
41610292
41675832
15723579
617534
52194371
38005829
5205061
39054410
1403981
39578708
40070230
45575257
43576410
31976542
27913320
45673600
50850950
31419527
41479303
27389065
27791
16116886
35155095
978071
46427290
48524443
45477022
3501217
46656676
45345961
47672495
47934639
35548338
48590008
41675961
48917694
15756488
48524494
39513314
41512168
48458987
45477104
49769717
48917766
26176777
9137422
43019541
48622873
51866918
11037991
48786739
40103233
40693068
48786767
2878813
48590173
40332660
683382
18050427
18869638
40005001
46198156
42102158
48459159
51867033
28011934
50556322
1011112
51867049
51867057
25259444
33779125
47017399
51441080
43216316
2092490
48917965
21130707
7269844
44428758
50851287
20573664
41512425
22081008
48393715
3010038
45149689
19885563
47246846
51342848
11529729
19525128
12676634
2387489
20508199
48623143
51867176
39743020
40594989
14741049
1502778
48918076
40791617
37744194
27782728
40070736
51408467
8908372
48459352
47148635
6024808
50228840
36499061
26570366
880265
9858698
22638217
48393870
2453143
44691102
14118587
41676480
47476419
192196
40496840
26832587
12480209
41840347
47771356
48525020
32173792
25980641
51310315
48525044
31256309
9137915
3075841
44527368
49671962
6156068
159526
6221607
39513904
26144589
48852836
50229093
3436401
35417970
12742523
29421438
40431495
40398728
43413389
48590737
47738770
716695
6025117
48230332
51081161
50229199
2453459
18608095
41676769
28438504
421866
31354864
38989811
36827125
46428156
45707264
3043343
48492560
47149073
1175575
50851868
45314080
26046500
5042212
716839
19853360
15560752
10842168
1208377
8876089
20639808
18509889
37384258
27390021
44920908
7827536
94289
51540049
2256979
10612821
9138281
40988778
42954864
10252401
2945155
6123655
48492684
44036240
50557085
1536168
43217070
36008115
30961849
48918728
33550544
51310813
6549726
50786528
50950373
46723304
43806953
48460015
49737982
48558346
43544844
45543696
35778847
37384483
44134694
51867949
44626226
50295098
1241408
48623937
20476227
29552968
10776905
47739212
41251150
37843279
127312
30503252
13627747
48394599
38924650
26931569
45478261
44626296
18739583
37384580
36696453
48624006
9728405
2060695
43577753
34664858
51704219
45281692
39285158
40333736
21328300
48001453
48656815
46297521
19362228
50786748
45642175
20476362
43971020
43512270
19460560
42136018
42693078
48624090
49967584
24637925
37384678
48591344
48460273
42430964
2060789
50917886
37384707
47510033
37384727
38466075
48525863
10121781
9007670
25784888
45281851
39678527
50262592
6451782
49443401
62034
44921439
33452639
41972321
62070
26735227
4125316
48525957
46199463
48624301
48460467
50262708
25522873
41677521
34665171
13136597
8286938
50262756
33157862
45576944
33125105
29160181
48460543
51147520
24179466
10122006
49443618
12972835
7729957
5403432
3568427
11006766
37385016
1110844
44528446
14512959
488259
48624454
48493386
37385044
48624473
49640289
37286756
42267494
50852731
17560444
40727423
12481410
47772571
8614817
39154598
3732408
95184
48460760
15004641
24048613
38564840
39810030
51606519
24146942
10646534
6091784
46822411
37385240
2913306
36533289
5665834
34698289
48428084
18117685
47445050
40105032
26440781
49214562
45282403
48460902
619625
3011693
48198767
9303155
47805556
50885756
22869127
46363787
48002188
1078416
22869159
48428214
44070071
40760507
50820283
45610177
22115550
48428256
31487216
26866929
37385494
10319131
44561698
21787952
27358514
32175416
718146
48493893
17102152
2979149
50820429
37385554
44070226
48624980
46921068
27620724
12449143
50820471
38499721
42038684
38303137
37385637
25916838
47707561
32175531
51115444
48625083
44561854
50066879
49182143
40859082
50820560
50820566
48461272
41350618
51049957
50820587
718320
50820594
51049975
48559610
49214970
48526845
50820605
51410433
11138566
29881866
10319394
7632438
31815229
50820675
48559686
48199239
29226568
49575503
30078546
50886229
50820694
15693400
20313694
3307105
29488739
20543078
8681073
41154168
37385853
4454022
50820743
48297611
50067099
31520420
41154220
13498028
49313457
38958770
51050163
48658103
45315768
12220089
32306879
2094785
34895557
51214025
52164350
41613063
3012369
7730970
50820900
48592684
45315890
45545266
6682436
42923852
9074513
48527187
24377185
48658276
48428905
40138605
38467438
51050351
35813240
1079161
45512571
23525248
44201858
1865604
50821007
38762384
14481299
43186073
24213416
15005611
28080044
5568430
48560046
43972543
49084357
48527305
5502930
47839186
48035795
7993310
50821088
20084712
47183868
20576259
12941316
35256327
32438282
13170698
5011479
42793014
37713988
4388942
51443792
43808851
48560216
587867
42924125
50821217
50493541
42039410
20314244
5830797
42629262
44988566
51017883
5634208
11073703
51050671
15497404
40892611
43153609
48625884
7043308
31324396
4094201
21756157
50854144
32340230
7502109
40794401
41023782
10156341
18512187
38959421
24901967
47708495
48593234
50821474
48462181
2128242
42924403
44562810
21789084
44988850
18676147
40663476
1014198
3832247
49969591
17594813
43547070
48429501
25557440
42465731
31717828
35322320
3013073
51083740
32111069
48396782
9468403
9271804
51411486
2390565
26966570
49478192
42695218
10844723
36502069
24934973
39647809
326209
18741841
6027864
17889887
42203744
5569139
5864053
13662838
6847105
40336009
51706506
36338315
40630925
48462486
41384600
25754272
24050337
51083945
37518001
50526916
1374931
38402777
37386981
48724713
48593646
43350773
35879671
50232059
22510333
4356862
31193856
30407439
51084051
51084052
14678807
11664159
39680799
44595999
48528162
37387049
17201962
32668461
48429883
47381312
46529347
27884358
4848459
37387087
45284186
20708187
51739484
21265251
51084144
43547512
51411849
41614218
5503884
42859404
40500118
37190553
6945693
45644705
24902567
48462763
34339756
30276525
1506230
42531766
46431158
44759993
48528337
752599
43973606
51477479
40926189
47479792
30800881
18906098
37813237
12221441
43940869
43285517
39975953
1506324
46955550
48430110
10550304
12352555
588848
48495669
3505214
37223495
5471306
15039565
46988367
48495696
27327596
45644908
39976047
25263217
8420469
48561277
3931265
43973765
48069766
50592904
43646090
47938700
10386577
1211540
43973787
883879
17792174
39779502
42695859
621761
33193153
37584067
621778
31096019
35290327
14974170
47938782
42073314
50035945
64749
25656559
47807735
51576059
40828161
50003201
42925315
43973894
31489297
42990873
51248416
27557153
27491633
48201018
32275776
48594243
38567251
1506648
10878298
27426144
50036076
51412341
45383033
12352894
48070017
43974018
23985545
50560404
46235046
34078133
28147137
45284801
50724292
294341
48496070
23100872
11632082
20774354
47939030
40762847
51150312
40631787
4881907
6192634
48889339
8158725
41418251
49970705
34274843
42761757
48135726
9895473
37387826
45645367
32898616
46956091
47906367
50724416
18775619
43122247
48496202
16416333
47808077
3669585
48692821
48627287
43548248
41057894
25624170
23559790
24542835
50953844
38862461
35520132
38829702
38043279
41057937
48365214
51379871
32243361
36404897
9043619
47087272
33947305
27262647
14352056
40074938
45645504
37879489
12811972
18153165
41058001
41811667
50724564
48692957
9109217
46989025
45448939
24280815
36011762
36863739
6651645
38305559
11566873
458525
44138272
49250082
25853739
23854892
48496430
2883375
42794801
29097796
48627531
36732751
4685649
35684189
48660321
19464042
48627570
50069366
27721602
48660355
48693123
25984909
10911633
6356882
37388179
41615251
38403990
36732826
50724763
43581340
21495714
46432162
2424748
41058225
23953330
41058226
360380
42860487
37388232
4554702
5406675
16351189
34471894
50855908
46989291
46727148
5832690
48562164
39419896
47480824
49676282
